
Infernetwork_ML (genetree100, genetree99, genetree98, genetree97, genetree96, genetree95, genetree94, genetree93, genetree92, genetree91, genetree90, genetree89, genetree88, genetree87, genetree86, genetree85, genetree84, genetree83, genetree82, genetree81, genetree80, genetree79, genetree78, genetree77, genetree76, genetree75, genetree74, genetree73, genetree72, genetree71, genetree70, genetree69, genetree68, genetree67, genetree66, genetree65, genetree64, genetree63, genetree62, genetree61, genetree60, genetree59, genetree58, genetree57, genetree56, genetree55, genetree54, genetree53, genetree52, genetree51, genetree50, genetree49, genetree48, genetree47, genetree46, genetree45, genetree44, genetree43, genetree42, genetree41, genetree40, genetree39, genetree38, genetree37, genetree36, genetree35, genetree34, genetree33, genetree32, genetree31, genetree30, genetree29, genetree28, genetree27, genetree26, genetree25, genetree24, genetree23, genetree22, genetree21, genetree20, genetree19, genetree18, genetree17, genetree16, genetree15, genetree14, genetree13, genetree12, genetree11, genetree10, genetree9, genetree8, genetree7, genetree6, genetree5, genetree4, genetree3, genetree2, genetree1) 2 -pl 4 -po -di -x 50 -n 10 -a <C:C_0; L:L_0; R:R_0; Q:Q_0; Z:Z_0>
Results after run #1
-137.081362334108: (Z:0.10559718443268482,(((L:0.19577368715401372)I3#H1:1.164165920934079::0.6267395641345683,(R:1.0099003166562683,(Q:7.5445125820360115,(I3#H1:0.06819987173284993::0.3732604358654317)I7#H2:1.9136251174708105::0.6860581152281533)I0:2.6542578078439543)I6:1.6774627690914186)I4:2.1745616613244514,(I7#H2:0.9649472589472883::0.31394188477184676,C:1.3935289801894037)I1:0.5093914725255486)I5:7.1366088461573804)I2;
-137.12880029970609: (Z:0.10559718443268482,((((L:0.26397355888686364)I7#H1:0.2791629986612927::0.8618145293717093,(Q:7.5445125820360115)I0#H2:1.6344621188095179::0.34323992215576016)I3:1.2775928515070867,(I0#H2:2.6417116569427694::0.6567600778442398,R:1.0099003166562683)I6:1.96812476633804)I4:1.866709775894248,(C:1.3935289801894037,I7#H1:0.9649472589472883::0.13818547062829067)I1:0.4923366170622394)I5:6.163945557757623)I2;
-137.99622710464703: (Z:0.10559718443268482,((((L:0.26397355888686364)I7#H2:0.2791629986612927::0.9256804610023861)I3#H1:1.1925278066072833::0.6929817528456303,(R:1.0099003166562683,(Q:7.5445125820360115,I3#H1:1.6344621188095179::0.30701824715436965)I0:2.6417116569427694)I6:1.9094283185923282)I4:1.8509251863766127,(C:1.3935289801894037,I7#H2:0.9649472589472883::0.0743195389976139)I1:0.7276212488784127)I5:5.96156458429206)I2;
-139.0357467972697: (Z:0.10559718443268482,((((L:0.5431365575481564)I3#H2:0.7048053099125013::0.6929817528456303)I7#H1:0.487722496694782::0.9256804610023861,(R:1.0099003166562683,(I3#H2:1.6344621188095179::0.30701824715436965,Q:7.5445125820360115)I0:2.6417116569427694)I6:1.9094283185923282)I4:1.8509251863766127,(C:1.3935289801894037,I7#H1:0.9649472589472883::0.0743195389976139)I1:0.7276212488784127)I5:5.96156458429206)I2;
-140.653256604669: (Z:0.2608279474682306,(C:2.4356690244590764,((L:2.972066098300645)I4#H1:1.0553928365052034::0.6767582503405959,(R:0.4348120862093747,(I4#H1:1.0599570952362025::0.3232417496594041,Q:9.384535823340382)I3:1.6677887160884821)I0:2.411193909205942)I2:0.990796889442704)I5:3.468439588305526)I1;
-141.65784513750123: (Z:0.10559718443268482,((C:1.3935289801894037)I1#H1:0.7276212488784127::0.9256804610023861,(((L:0.26397355888686364,I1#H1:0.9649472589472883::0.0743195389976139)I7:0.2791629986612927)I3#H2:1.1925278066072833::0.6929817528456303,(R:1.0099003166562683,(Q:7.5445125820360115,I3#H2:1.6344621188095179::0.30701824715436965)I0:2.6417116569427694)I6:1.9094283185923282)I4:1.8509251863766127)I5:5.96156458429206)I2;
-141.684557956529: (Z:0.21781221798446598,((C:0.37504263355241063)I5#H1:0.9591643220695096::0.5,(I5#H1:1.0::0.5,((L:2.2465318140644155)I9#H2:0.1340314270668468::0.7031397912402595,(R:0.1418279206706039,(Q:5.546820602998074,I9#H2:1.5889214460370806::0.2968602087597405)I7:1.2152696046641869)I2:1.0494444502203812)I0:1.1274725483139223)I4:0.43873255837511543)I3:4.720679566454353)I1;
-142.60928022411937: (Z:0.10559718443268482,(C:1.3935289801894037,(((L:0.5431365575481564)I3#H2:1.1758383261483722::0.4609024512161757)I7#H1:0.5270507699121414::0.30503689647462695,(I3#H2:1.1925278066072833::0.5390975487838243,(R:1.0099003166562683,(Q:7.5445125820360115,I7#H1:0.4586237926611457::0.694963103525373)I0:2.49992321269497)I6:1.8255989909784043)I4:2.305392878154465)I5:0.4378964890351469)I1:6.689056093997981)I2;
-143.3299555772232: (Z:0.2874271826623959,(C:1.0309921060172011,((L:1.0164030525582648)I0#H1:0.22058633948984835::0.6323629342613638,((R:0.7388438623222735)I5#H2:0.44925744215022984::0.5655647457274033,(I0#H1:1.3430847668139485::0.3676370657386362,(Q:3.5368022888296364,I5#H2:0.022265805067075935::0.43443525427259666)I4:0.19261291768369893)I2:1.8583017617139097)I6:0.5935857644260419)I7:1.5911465611900728)I3:8.158610632841972)I1;
-143.58259598324102: (Z:0.2874271826623959,(C:0.33760297440233183,((L:0.8839416106257942)I8#H1:0.3702263809923658::0.7533011587043758,((R:0.6169850118100437)I6#H2:1.1428539602326353::0.6510197110055717,(I6#H2:4.8289482329042475::0.34898028899442834,(Q:0.0811985957018363,I8#H1:2.17528693486254::0.24669884129562425)I3:0.4792964081866451)I0:0.6711458186972084)I5:0.6308490344489194)I2:1.4289253060304223)I4:5.823400592230597)I1;
Running Time (min): 0.348
===============================


Results after run #2
-137.081362334108: (Z:0.10559718443268482,(((L:0.19577368715401372)I3#H1:1.164165920934079::0.6267395641345683,(R:1.0099003166562683,(Q:7.5445125820360115,(I3#H1:0.06819987173284993::0.3732604358654317)I7#H2:1.9136251174708105::0.6860581152281533)I0:2.6542578078439543)I6:1.6774627690914186)I4:2.1745616613244514,(I7#H2:0.9649472589472883::0.31394188477184676,C:1.3935289801894037)I1:0.5093914725255486)I5:7.1366088461573804)I2;
-137.12880029970609: (Z:0.10559718443268482,((((L:0.26397355888686364)I7#H1:0.2791629986612927::0.8618145293717093,(Q:7.5445125820360115)I0#H2:1.6344621188095179::0.34323992215576016)I3:1.2775928515070867,(I0#H2:2.6417116569427694::0.6567600778442398,R:1.0099003166562683)I6:1.96812476633804)I4:1.866709775894248,(C:1.3935289801894037,I7#H1:0.9649472589472883::0.13818547062829067)I1:0.4923366170622394)I5:6.163945557757623)I2;
-137.87028488197953: (Z:0.8038049870907078,(C:0.4323190417419793,((L:2.0702741808444456)I3#H1:1.3481863543187065::0.6238644055112852,(R:2.32155575723953,(Q:2.15642202266403,I3#H1:1.0283941059379245::0.3761355944887148)I1:0.7906578329321723)I6:2.4413587945055797)I4:1.0824931312302684)I0:5.350479689646447)I2;
-137.99622710464703: (Z:0.10559718443268482,((((L:0.26397355888686364)I7#H2:0.2791629986612927::0.9256804610023861)I3#H1:1.1925278066072833::0.6929817528456303,(R:1.0099003166562683,(Q:7.5445125820360115,I3#H1:1.6344621188095179::0.30701824715436965)I0:2.6417116569427694)I6:1.9094283185923282)I4:1.8509251863766127,(C:1.3935289801894037,I7#H2:0.9649472589472883::0.0743195389976139)I1:0.7276212488784127)I5:5.96156458429206)I2;
-138.1398860574867: ((C:0.4323190417419794,((L:2.0702741808444456)I3#H1:1.2872313093076935::0.6727044446684626,(R:2.32155575723953,((I3#H1:0.028394105937924463::0.3272955553315374)I5#H2:1.0::0.5193504806210943,(Q:2.023564442016049,I5#H2:0.9716058940620755::0.48064951937890565)I7:0.13285758064798095)I1:0.9513237431076316)I6:2.1310842056702173)I4:0.9768092032542494)I0:4.7372444234700986,Z:0.8038049870907078)I2;
-138.46300556278626: (Z:0.8038049870907078,(C:0.4323190417419793,(((L:0.7418852308400992)I7#H2:1.3283889500043464::0.6044941920811533)I3#H1:2.4663348522266957::0.4689066717837308,(I7#H2:0.9433961653943547::0.3955058079188467,(R:2.385970782602708,(Q:1.937289551934732,I3#H1:0.8891621701672783::0.5310933282162692)I6:0.5898589514004645)I1:2.0574918528882704)I4:0.12872943123008412)I5:0.9020938247991828)I0:5.912791777107824)I2;
-139.0357467972697: (Z:0.10559718443268482,((((L:0.5431365575481564)I3#H2:0.7048053099125013::0.6929817528456303)I7#H1:0.487722496694782::0.9256804610023861,(R:1.0099003166562683,(I3#H2:1.6344621188095179::0.30701824715436965,Q:7.5445125820360115)I0:2.6417116569427694)I6:1.9094283185923282)I4:1.8509251863766127,(C:1.3935289801894037,I7#H1:0.9649472589472883::0.0743195389976139)I1:0.7276212488784127)I5:5.96156458429206)I2;
-139.08908533098707: (Z:0.8038049870907078,(C:0.4323190417419794,((L:2.0702741808444456)I3#H1:1.2992328063580256::0.7057974595317257,(((Q:2.023564442016049,I3#H1:1.0::0.2942025404682743)I7:1.3343032821736545)I6#H2:1.0::0.4020790470282223,(R:1.3743122215991344,I6#H2:0.9523917965600291::0.5979209529717777)I1:1.1984281216267758)I5:1.1679947583145445)I4:1.2517993189783474)I0:4.461208630671418)I2;
-139.11198310186907: (Z:1.0344290050581033,(C:1.0601938396694766,((L:0.7570793316705502)I0#H1:1.019981292046163::0.49379676724975174,((I0#H1:2.5583152825302657::0.5062032327502483)I5#H2:0.20181991252492681::0.34532944819520456,(R:1.2913059279485548,(Q:0.632841260988313,I5#H2:0.05188324256878807::0.6546705518047955)I9:0.5584939097299976)I4:0.8666241625066781)I1:1.6352141074836053)I8:1.0688625406737196)I3:7.898115798915741)I2;
-139.90028888781714: (Z:0.8038049870907078,((C:0.08113416995310639)I6#H1:0.351184871788873::0.8537716437529937,((R:1.3743122215991344,(Q:2.023564442016049,(L:2.0702741808444456)I3#H2:1.0::0.3341628864286772)I7:1.8507480395920948)I1:2.2888893913263035,(I3#H2:1.157207801687888::0.6658371135713228,I6#H1:1.0::0.14622835624700625)I5:0.10727762367687525)I4:1.1028301952354316)I0:4.359173601831361)I2;
Running Time (min): 0.34553333333333336
===============================


Results after run #3
-137.081362334108: (Z:0.10559718443268482,(((L:0.19577368715401372)I3#H1:1.164165920934079::0.6267395641345683,(R:1.0099003166562683,(Q:7.5445125820360115,(I3#H1:0.06819987173284993::0.3732604358654317)I7#H2:1.9136251174708105::0.6860581152281533)I0:2.6542578078439543)I6:1.6774627690914186)I4:2.1745616613244514,(I7#H2:0.9649472589472883::0.31394188477184676,C:1.3935289801894037)I1:0.5093914725255486)I5:7.1366088461573804)I2;
-137.12880029970609: (Z:0.10559718443268482,((((L:0.26397355888686364)I7#H1:0.2791629986612927::0.8618145293717093,(Q:7.5445125820360115)I0#H2:1.6344621188095179::0.34323992215576016)I3:1.2775928515070867,(I0#H2:2.6417116569427694::0.6567600778442398,R:1.0099003166562683)I6:1.96812476633804)I4:1.866709775894248,(C:1.3935289801894037,I7#H1:0.9649472589472883::0.13818547062829067)I1:0.4923366170622394)I5:6.163945557757623)I2;
-137.65995124381934: (Z:3.112821094267928,(C:0.057638345627055027,((L:2.2004565809722703)I5#H1:2.407442317474205::0.6505785416058882,(R:2.4043975020125745,(Q:0.6564363376731701,I5#H1:0.017462212760806478::0.34942145839411176)I1:0.9128314130524338)I7:2.4541476340818034)I3:1.0025623333863143)I8:5.31189579306774)I2;
-137.99622710464703: (Z:0.10559718443268482,((((L:0.26397355888686364)I7#H2:0.2791629986612927::0.9256804610023861)I3#H1:1.1925278066072833::0.6929817528456303,(R:1.0099003166562683,(Q:7.5445125820360115,I3#H1:1.6344621188095179::0.30701824715436965)I0:2.6417116569427694)I6:1.9094283185923282)I4:1.8509251863766127,(C:1.3935289801894037,I7#H2:0.9649472589472883::0.0743195389976139)I1:0.7276212488784127)I5:5.96156458429206)I2;
-138.1398860574867: ((C:0.4323190417419794,((L:2.0702741808444456)I3#H1:1.2872313093076935::0.6727044446684626,(R:2.32155575723953,((I3#H1:0.028394105937924463::0.3272955553315374)I5#H2:1.0::0.5193504806210943,(Q:2.023564442016049,I5#H2:0.9716058940620755::0.48064951937890565)I7:0.13285758064798095)I1:0.9513237431076316)I6:2.1310842056702173)I4:0.9768092032542494)I0:4.7372444234700986,Z:0.8038049870907078)I2;
-138.46300556278626: (Z:0.8038049870907078,(C:0.4323190417419793,(((L:0.7418852308400992)I7#H2:1.3283889500043464::0.6044941920811533)I3#H1:2.4663348522266957::0.4689066717837308,(I7#H2:0.9433961653943547::0.3955058079188467,(R:2.385970782602708,(Q:1.937289551934732,I3#H1:0.8891621701672783::0.5310933282162692)I6:0.5898589514004645)I1:2.0574918528882704)I4:0.12872943123008412)I5:0.9020938247991828)I0:5.912791777107824)I2;
-139.0357467972697: (Z:0.10559718443268482,((((L:0.5431365575481564)I3#H2:0.7048053099125013::0.6929817528456303)I7#H1:0.487722496694782::0.9256804610023861,(R:1.0099003166562683,(I3#H2:1.6344621188095179::0.30701824715436965,Q:7.5445125820360115)I0:2.6417116569427694)I6:1.9094283185923282)I4:1.8509251863766127,(C:1.3935289801894037,I7#H1:0.9649472589472883::0.0743195389976139)I1:0.7276212488784127)I5:5.96156458429206)I2;
-139.08908533098707: (Z:0.8038049870907078,(C:0.4323190417419794,((L:2.0702741808444456)I3#H1:1.2992328063580256::0.7057974595317257,(((Q:2.023564442016049,I3#H1:1.0::0.2942025404682743)I7:1.3343032821736545)I6#H2:1.0::0.4020790470282223,(R:1.3743122215991344,I6#H2:0.9523917965600291::0.5979209529717777)I1:1.1984281216267758)I5:1.1679947583145445)I4:1.2517993189783474)I0:4.461208630671418)I2;
-139.11198310186907: (Z:1.0344290050581033,(C:1.0601938396694766,((L:0.7570793316705502)I0#H1:1.019981292046163::0.49379676724975174,((I0#H1:2.5583152825302657::0.5062032327502483)I5#H2:0.20181991252492681::0.34532944819520456,(R:1.2913059279485548,(Q:0.632841260988313,I5#H2:0.05188324256878807::0.6546705518047955)I9:0.5584939097299976)I4:0.8666241625066781)I1:1.6352141074836053)I8:1.0688625406737196)I3:7.898115798915741)I2;
-139.51352181922343: (Z:3.112821094267928,(C:0.057638345627055027,((L:2.2004565809722703)I5#H1:2.407442317474205::0.6103527636468699,(R:2.4043975020125745,((Q:0.027493216915122187)I4#H2:1.0::0.5,(I5#H1:0.017462212760806478::0.38964723635313014,I4#H2:0.6289431207580479::0.5)I1:0.840860831915937)I0:0.1765626955897841)I7:2.2391353576873807)I3:1.2870209952354708)I8:5.399538780764294)I2;
Running Time (min): 0.2045
===============================


Results after run #4
-137.081362334108: (Z:0.10559718443268482,(((L:0.19577368715401372)I3#H1:1.164165920934079::0.6267395641345683,(R:1.0099003166562683,(Q:7.5445125820360115,(I3#H1:0.06819987173284993::0.3732604358654317)I7#H2:1.9136251174708105::0.6860581152281533)I0:2.6542578078439543)I6:1.6774627690914186)I4:2.1745616613244514,(I7#H2:0.9649472589472883::0.31394188477184676,C:1.3935289801894037)I1:0.5093914725255486)I5:7.1366088461573804)I2;
-137.12880029970609: (Z:0.10559718443268482,((((L:0.26397355888686364)I7#H1:0.2791629986612927::0.8618145293717093,(Q:7.5445125820360115)I0#H2:1.6344621188095179::0.34323992215576016)I3:1.2775928515070867,(I0#H2:2.6417116569427694::0.6567600778442398,R:1.0099003166562683)I6:1.96812476633804)I4:1.866709775894248,(C:1.3935289801894037,I7#H1:0.9649472589472883::0.13818547062829067)I1:0.4923366170622394)I5:6.163945557757623)I2;
-137.65995124381934: (Z:3.112821094267928,(C:0.057638345627055027,((L:2.2004565809722703)I5#H1:2.407442317474205::0.6505785416058882,(R:2.4043975020125745,(Q:0.6564363376731701,I5#H1:0.017462212760806478::0.34942145839411176)I1:0.9128314130524338)I7:2.4541476340818034)I3:1.0025623333863143)I8:5.31189579306774)I2;
-137.99622710464703: (Z:0.10559718443268482,((((L:0.26397355888686364)I7#H2:0.2791629986612927::0.9256804610023861)I3#H1:1.1925278066072833::0.6929817528456303,(R:1.0099003166562683,(Q:7.5445125820360115,I3#H1:1.6344621188095179::0.30701824715436965)I0:2.6417116569427694)I6:1.9094283185923282)I4:1.8509251863766127,(C:1.3935289801894037,I7#H2:0.9649472589472883::0.0743195389976139)I1:0.7276212488784127)I5:5.96156458429206)I2;
-138.1398860574867: ((C:0.4323190417419794,((L:2.0702741808444456)I3#H1:1.2872313093076935::0.6727044446684626,(R:2.32155575723953,((I3#H1:0.028394105937924463::0.3272955553315374)I5#H2:1.0::0.5193504806210943,(Q:2.023564442016049,I5#H2:0.9716058940620755::0.48064951937890565)I7:0.13285758064798095)I1:0.9513237431076316)I6:2.1310842056702173)I4:0.9768092032542494)I0:4.7372444234700986,Z:0.8038049870907078)I2;
-138.2728435761994: (Z:3.176295759085944,(C:1.5993164796313235,((L:0.0905367009557203)I5#H1:1.568373015528885::0.539563986965956,((I5#H1:2.8315615413815336::0.460436013034044)I7#H2:0.11347547562523072::0.26771348353840363,(R:2.605582540467948,(Q:0.04800510929234614,I7#H2:9.581404177628217::0.7322865164615964)I3:1.0977834639267103)I2:0.9650731235208143)I0:1.9432268055732684)I8:0.7180467497952833)I1:4.583254221957576)I4;
-138.46300556278626: (Z:0.8038049870907078,(C:0.4323190417419793,(((L:0.7418852308400992)I7#H2:1.3283889500043464::0.6044941920811533)I3#H1:2.4663348522266957::0.4689066717837308,(I7#H2:0.9433961653943547::0.3955058079188467,(R:2.385970782602708,(Q:1.937289551934732,I3#H1:0.8891621701672783::0.5310933282162692)I6:0.5898589514004645)I1:2.0574918528882704)I4:0.12872943123008412)I5:0.9020938247991828)I0:5.912791777107824)I2;
-139.0357467972697: (Z:0.10559718443268482,((((L:0.5431365575481564)I3#H2:0.7048053099125013::0.6929817528456303)I7#H1:0.487722496694782::0.9256804610023861,(R:1.0099003166562683,(I3#H2:1.6344621188095179::0.30701824715436965,Q:7.5445125820360115)I0:2.6417116569427694)I6:1.9094283185923282)I4:1.8509251863766127,(C:1.3935289801894037,I7#H1:0.9649472589472883::0.0743195389976139)I1:0.7276212488784127)I5:5.96156458429206)I2;
-139.08908533098707: (Z:0.8038049870907078,(C:0.4323190417419794,((L:2.0702741808444456)I3#H1:1.2992328063580256::0.7057974595317257,(((Q:2.023564442016049,I3#H1:1.0::0.2942025404682743)I7:1.3343032821736545)I6#H2:1.0::0.4020790470282223,(R:1.3743122215991344,I6#H2:0.9523917965600291::0.5979209529717777)I1:1.1984281216267758)I5:1.1679947583145445)I4:1.2517993189783474)I0:4.461208630671418)I2;
-139.51352181922343: (Z:3.112821094267928,(C:0.057638345627055027,((L:2.2004565809722703)I5#H1:2.407442317474205::0.6103527636468699,(R:2.4043975020125745,((Q:0.027493216915122187)I4#H2:1.0::0.5,(I5#H1:0.017462212760806478::0.38964723635313014,I4#H2:0.6289431207580479::0.5)I1:0.840860831915937)I0:0.1765626955897841)I7:2.2391353576873807)I3:1.2870209952354708)I8:5.399538780764294)I2;
Running Time (min): 0.17495
===============================


Results after run #5
-137.081362334108: (Z:0.10559718443268482,(((L:0.19577368715401372)I3#H1:1.164165920934079::0.6267395641345683,(R:1.0099003166562683,(Q:7.5445125820360115,(I3#H1:0.06819987173284993::0.3732604358654317)I7#H2:1.9136251174708105::0.6860581152281533)I0:2.6542578078439543)I6:1.6774627690914186)I4:2.1745616613244514,(I7#H2:0.9649472589472883::0.31394188477184676,C:1.3935289801894037)I1:0.5093914725255486)I5:7.1366088461573804)I2;
-137.12880029970609: (Z:0.10559718443268482,((((L:0.26397355888686364)I7#H1:0.2791629986612927::0.8618145293717093,(Q:7.5445125820360115)I0#H2:1.6344621188095179::0.34323992215576016)I3:1.2775928515070867,(I0#H2:2.6417116569427694::0.6567600778442398,R:1.0099003166562683)I6:1.96812476633804)I4:1.866709775894248,(C:1.3935289801894037,I7#H1:0.9649472589472883::0.13818547062829067)I1:0.4923366170622394)I5:6.163945557757623)I2;
-137.65995124381934: (Z:3.112821094267928,(C:0.057638345627055027,((L:2.2004565809722703)I5#H1:2.407442317474205::0.6505785416058882,(R:2.4043975020125745,(Q:0.6564363376731701,I5#H1:0.017462212760806478::0.34942145839411176)I1:0.9128314130524338)I7:2.4541476340818034)I3:1.0025623333863143)I8:5.31189579306774)I2;
-137.99622710464703: (Z:0.10559718443268482,((((L:0.26397355888686364)I7#H2:0.2791629986612927::0.9256804610023861)I3#H1:1.1925278066072833::0.6929817528456303,(R:1.0099003166562683,(Q:7.5445125820360115,I3#H1:1.6344621188095179::0.30701824715436965)I0:2.6417116569427694)I6:1.9094283185923282)I4:1.8509251863766127,(C:1.3935289801894037,I7#H2:0.9649472589472883::0.0743195389976139)I1:0.7276212488784127)I5:5.96156458429206)I2;
-138.1398860574867: ((C:0.4323190417419794,((L:2.0702741808444456)I3#H1:1.2872313093076935::0.6727044446684626,(R:2.32155575723953,((I3#H1:0.028394105937924463::0.3272955553315374)I5#H2:1.0::0.5193504806210943,(Q:2.023564442016049,I5#H2:0.9716058940620755::0.48064951937890565)I7:0.13285758064798095)I1:0.9513237431076316)I6:2.1310842056702173)I4:0.9768092032542494)I0:4.7372444234700986,Z:0.8038049870907078)I2;
-138.2728435761994: (Z:3.176295759085944,(C:1.5993164796313235,((L:0.0905367009557203)I5#H1:1.568373015528885::0.539563986965956,((I5#H1:2.8315615413815336::0.460436013034044)I7#H2:0.11347547562523072::0.26771348353840363,(R:2.605582540467948,(Q:0.04800510929234614,I7#H2:9.581404177628217::0.7322865164615964)I3:1.0977834639267103)I2:0.9650731235208143)I0:1.9432268055732684)I8:0.7180467497952833)I1:4.583254221957576)I4;
-138.46300556278626: (Z:0.8038049870907078,(C:0.4323190417419793,(((L:0.7418852308400992)I7#H2:1.3283889500043464::0.6044941920811533)I3#H1:2.4663348522266957::0.4689066717837308,(I7#H2:0.9433961653943547::0.3955058079188467,(R:2.385970782602708,(Q:1.937289551934732,I3#H1:0.8891621701672783::0.5310933282162692)I6:0.5898589514004645)I1:2.0574918528882704)I4:0.12872943123008412)I5:0.9020938247991828)I0:5.912791777107824)I2;
-139.0357467972697: (Z:0.10559718443268482,((((L:0.5431365575481564)I3#H2:0.7048053099125013::0.6929817528456303)I7#H1:0.487722496694782::0.9256804610023861,(R:1.0099003166562683,(I3#H2:1.6344621188095179::0.30701824715436965,Q:7.5445125820360115)I0:2.6417116569427694)I6:1.9094283185923282)I4:1.8509251863766127,(C:1.3935289801894037,I7#H1:0.9649472589472883::0.0743195389976139)I1:0.7276212488784127)I5:5.96156458429206)I2;
-139.08908533098707: (Z:0.8038049870907078,(C:0.4323190417419794,((L:2.0702741808444456)I3#H1:1.2992328063580256::0.7057974595317257,(((Q:2.023564442016049,I3#H1:1.0::0.2942025404682743)I7:1.3343032821736545)I6#H2:1.0::0.4020790470282223,(R:1.3743122215991344,I6#H2:0.9523917965600291::0.5979209529717777)I1:1.1984281216267758)I5:1.1679947583145445)I4:1.2517993189783474)I0:4.461208630671418)I2;
-139.51352181922343: (Z:3.112821094267928,(C:0.057638345627055027,((L:2.2004565809722703)I5#H1:2.407442317474205::0.6103527636468699,(R:2.4043975020125745,((Q:0.027493216915122187)I4#H2:1.0::0.5,(I5#H1:0.017462212760806478::0.38964723635313014,I4#H2:0.6289431207580479::0.5)I1:0.840860831915937)I0:0.1765626955897841)I7:2.2391353576873807)I3:1.2870209952354708)I8:5.399538780764294)I2;
Running Time (min): 0.17116666666666666
===============================


Results after run #6
-137.081362334108: (Z:0.10559718443268482,(((L:0.19577368715401372)I3#H1:1.164165920934079::0.6267395641345683,(R:1.0099003166562683,(Q:7.5445125820360115,(I3#H1:0.06819987173284993::0.3732604358654317)I7#H2:1.9136251174708105::0.6860581152281533)I0:2.6542578078439543)I6:1.6774627690914186)I4:2.1745616613244514,(I7#H2:0.9649472589472883::0.31394188477184676,C:1.3935289801894037)I1:0.5093914725255486)I5:7.1366088461573804)I2;
-137.12880029970609: (Z:0.10559718443268482,((((L:0.26397355888686364)I7#H1:0.2791629986612927::0.8618145293717093,(Q:7.5445125820360115)I0#H2:1.6344621188095179::0.34323992215576016)I3:1.2775928515070867,(I0#H2:2.6417116569427694::0.6567600778442398,R:1.0099003166562683)I6:1.96812476633804)I4:1.866709775894248,(C:1.3935289801894037,I7#H1:0.9649472589472883::0.13818547062829067)I1:0.4923366170622394)I5:6.163945557757623)I2;
-137.65995124381934: (Z:3.112821094267928,(C:0.057638345627055027,((L:2.2004565809722703)I5#H1:2.407442317474205::0.6505785416058882,(R:2.4043975020125745,(Q:0.6564363376731701,I5#H1:0.017462212760806478::0.34942145839411176)I1:0.9128314130524338)I7:2.4541476340818034)I3:1.0025623333863143)I8:5.31189579306774)I2;
-137.99622710464703: (Z:0.10559718443268482,((((L:0.26397355888686364)I7#H2:0.2791629986612927::0.9256804610023861)I3#H1:1.1925278066072833::0.6929817528456303,(R:1.0099003166562683,(Q:7.5445125820360115,I3#H1:1.6344621188095179::0.30701824715436965)I0:2.6417116569427694)I6:1.9094283185923282)I4:1.8509251863766127,(C:1.3935289801894037,I7#H2:0.9649472589472883::0.0743195389976139)I1:0.7276212488784127)I5:5.96156458429206)I2;
-138.1398860574867: ((C:0.4323190417419794,((L:2.0702741808444456)I3#H1:1.2872313093076935::0.6727044446684626,(R:2.32155575723953,((I3#H1:0.028394105937924463::0.3272955553315374)I5#H2:1.0::0.5193504806210943,(Q:2.023564442016049,I5#H2:0.9716058940620755::0.48064951937890565)I7:0.13285758064798095)I1:0.9513237431076316)I6:2.1310842056702173)I4:0.9768092032542494)I0:4.7372444234700986,Z:0.8038049870907078)I2;
-138.2728435761994: (Z:3.176295759085944,(C:1.5993164796313235,((L:0.0905367009557203)I5#H1:1.568373015528885::0.539563986965956,((I5#H1:2.8315615413815336::0.460436013034044)I7#H2:0.11347547562523072::0.26771348353840363,(R:2.605582540467948,(Q:0.04800510929234614,I7#H2:9.581404177628217::0.7322865164615964)I3:1.0977834639267103)I2:0.9650731235208143)I0:1.9432268055732684)I8:0.7180467497952833)I1:4.583254221957576)I4;
-138.46300556278626: (Z:0.8038049870907078,(C:0.4323190417419793,(((L:0.7418852308400992)I7#H2:1.3283889500043464::0.6044941920811533)I3#H1:2.4663348522266957::0.4689066717837308,(I7#H2:0.9433961653943547::0.3955058079188467,(R:2.385970782602708,(Q:1.937289551934732,I3#H1:0.8891621701672783::0.5310933282162692)I6:0.5898589514004645)I1:2.0574918528882704)I4:0.12872943123008412)I5:0.9020938247991828)I0:5.912791777107824)I2;
-139.0357467972697: (Z:0.10559718443268482,((((L:0.5431365575481564)I3#H2:0.7048053099125013::0.6929817528456303)I7#H1:0.487722496694782::0.9256804610023861,(R:1.0099003166562683,(I3#H2:1.6344621188095179::0.30701824715436965,Q:7.5445125820360115)I0:2.6417116569427694)I6:1.9094283185923282)I4:1.8509251863766127,(C:1.3935289801894037,I7#H1:0.9649472589472883::0.0743195389976139)I1:0.7276212488784127)I5:5.96156458429206)I2;
-139.08908533098707: (Z:0.8038049870907078,(C:0.4323190417419794,((L:2.0702741808444456)I3#H1:1.2992328063580256::0.7057974595317257,(((Q:2.023564442016049,I3#H1:1.0::0.2942025404682743)I7:1.3343032821736545)I6#H2:1.0::0.4020790470282223,(R:1.3743122215991344,I6#H2:0.9523917965600291::0.5979209529717777)I1:1.1984281216267758)I5:1.1679947583145445)I4:1.2517993189783474)I0:4.461208630671418)I2;
-139.51352181922343: (Z:3.112821094267928,(C:0.057638345627055027,((L:2.2004565809722703)I5#H1:2.407442317474205::0.6103527636468699,(R:2.4043975020125745,((Q:0.027493216915122187)I4#H2:1.0::0.5,(I5#H1:0.017462212760806478::0.38964723635313014,I4#H2:0.6289431207580479::0.5)I1:0.840860831915937)I0:0.1765626955897841)I7:2.2391353576873807)I3:1.2870209952354708)I8:5.399538780764294)I2;
Running Time (min): 0.09876666666666667
===============================


Results after run #7
-137.081362334108: (Z:0.10559718443268482,(((L:0.19577368715401372)I3#H1:1.164165920934079::0.6267395641345683,(R:1.0099003166562683,(Q:7.5445125820360115,(I3#H1:0.06819987173284993::0.3732604358654317)I7#H2:1.9136251174708105::0.6860581152281533)I0:2.6542578078439543)I6:1.6774627690914186)I4:2.1745616613244514,(I7#H2:0.9649472589472883::0.31394188477184676,C:1.3935289801894037)I1:0.5093914725255486)I5:7.1366088461573804)I2;
-137.12880029970609: (Z:0.10559718443268482,((((L:0.26397355888686364)I7#H1:0.2791629986612927::0.8618145293717093,(Q:7.5445125820360115)I0#H2:1.6344621188095179::0.34323992215576016)I3:1.2775928515070867,(I0#H2:2.6417116569427694::0.6567600778442398,R:1.0099003166562683)I6:1.96812476633804)I4:1.866709775894248,(C:1.3935289801894037,I7#H1:0.9649472589472883::0.13818547062829067)I1:0.4923366170622394)I5:6.163945557757623)I2;
-137.65995124381934: (Z:3.112821094267928,(C:0.057638345627055027,((L:2.2004565809722703)I5#H1:2.407442317474205::0.6505785416058882,(R:2.4043975020125745,(Q:0.6564363376731701,I5#H1:0.017462212760806478::0.34942145839411176)I1:0.9128314130524338)I7:2.4541476340818034)I3:1.0025623333863143)I8:5.31189579306774)I2;
-137.99622710464703: (Z:0.10559718443268482,((((L:0.26397355888686364)I7#H2:0.2791629986612927::0.9256804610023861)I3#H1:1.1925278066072833::0.6929817528456303,(R:1.0099003166562683,(Q:7.5445125820360115,I3#H1:1.6344621188095179::0.30701824715436965)I0:2.6417116569427694)I6:1.9094283185923282)I4:1.8509251863766127,(C:1.3935289801894037,I7#H2:0.9649472589472883::0.0743195389976139)I1:0.7276212488784127)I5:5.96156458429206)I2;
-138.1398860574867: ((C:0.4323190417419794,((L:2.0702741808444456)I3#H1:1.2872313093076935::0.6727044446684626,(R:2.32155575723953,((I3#H1:0.028394105937924463::0.3272955553315374)I5#H2:1.0::0.5193504806210943,(Q:2.023564442016049,I5#H2:0.9716058940620755::0.48064951937890565)I7:0.13285758064798095)I1:0.9513237431076316)I6:2.1310842056702173)I4:0.9768092032542494)I0:4.7372444234700986,Z:0.8038049870907078)I2;
-138.2728435761994: (Z:3.176295759085944,(C:1.5993164796313235,((L:0.0905367009557203)I5#H1:1.568373015528885::0.539563986965956,((I5#H1:2.8315615413815336::0.460436013034044)I7#H2:0.11347547562523072::0.26771348353840363,(R:2.605582540467948,(Q:0.04800510929234614,I7#H2:9.581404177628217::0.7322865164615964)I3:1.0977834639267103)I2:0.9650731235208143)I0:1.9432268055732684)I8:0.7180467497952833)I1:4.583254221957576)I4;
-138.46300556278626: (Z:0.8038049870907078,(C:0.4323190417419793,(((L:0.7418852308400992)I7#H2:1.3283889500043464::0.6044941920811533)I3#H1:2.4663348522266957::0.4689066717837308,(I7#H2:0.9433961653943547::0.3955058079188467,(R:2.385970782602708,(Q:1.937289551934732,I3#H1:0.8891621701672783::0.5310933282162692)I6:0.5898589514004645)I1:2.0574918528882704)I4:0.12872943123008412)I5:0.9020938247991828)I0:5.912791777107824)I2;
-139.0357467972697: (Z:0.10559718443268482,((((L:0.5431365575481564)I3#H2:0.7048053099125013::0.6929817528456303)I7#H1:0.487722496694782::0.9256804610023861,(R:1.0099003166562683,(I3#H2:1.6344621188095179::0.30701824715436965,Q:7.5445125820360115)I0:2.6417116569427694)I6:1.9094283185923282)I4:1.8509251863766127,(C:1.3935289801894037,I7#H1:0.9649472589472883::0.0743195389976139)I1:0.7276212488784127)I5:5.96156458429206)I2;
-139.08908533098707: (Z:0.8038049870907078,(C:0.4323190417419794,((L:2.0702741808444456)I3#H1:1.2992328063580256::0.7057974595317257,(((Q:2.023564442016049,I3#H1:1.0::0.2942025404682743)I7:1.3343032821736545)I6#H2:1.0::0.4020790470282223,(R:1.3743122215991344,I6#H2:0.9523917965600291::0.5979209529717777)I1:1.1984281216267758)I5:1.1679947583145445)I4:1.2517993189783474)I0:4.461208630671418)I2;
-139.51352181922343: (Z:3.112821094267928,(C:0.057638345627055027,((L:2.2004565809722703)I5#H1:2.407442317474205::0.6103527636468699,(R:2.4043975020125745,((Q:0.027493216915122187)I4#H2:1.0::0.5,(I5#H1:0.017462212760806478::0.38964723635313014,I4#H2:0.6289431207580479::0.5)I1:0.840860831915937)I0:0.1765626955897841)I7:2.2391353576873807)I3:1.2870209952354708)I8:5.399538780764294)I2;
Running Time (min): 0.10055
===============================


Results after run #8
-137.081362334108: (Z:0.10559718443268482,(((L:0.19577368715401372)I3#H1:1.164165920934079::0.6267395641345683,(R:1.0099003166562683,(Q:7.5445125820360115,(I3#H1:0.06819987173284993::0.3732604358654317)I7#H2:1.9136251174708105::0.6860581152281533)I0:2.6542578078439543)I6:1.6774627690914186)I4:2.1745616613244514,(I7#H2:0.9649472589472883::0.31394188477184676,C:1.3935289801894037)I1:0.5093914725255486)I5:7.1366088461573804)I2;
-137.12880029970609: (Z:0.10559718443268482,((((L:0.26397355888686364)I7#H1:0.2791629986612927::0.8618145293717093,(Q:7.5445125820360115)I0#H2:1.6344621188095179::0.34323992215576016)I3:1.2775928515070867,(I0#H2:2.6417116569427694::0.6567600778442398,R:1.0099003166562683)I6:1.96812476633804)I4:1.866709775894248,(C:1.3935289801894037,I7#H1:0.9649472589472883::0.13818547062829067)I1:0.4923366170622394)I5:6.163945557757623)I2;
-137.52477251346627: (Z:3.7089471444839477,(C:1.34807268746869,((L:0.35353114602337227)I5#H1:1.0::0.6471930827812447,(R:2.843636797818255,(Q:1.9821221528753818,I5#H1:0.8379507158815795::0.35280691721875534)I6:0.8870539533506236)I7:2.622864873423176)I1:0.8728069988498477)I3:6.192631422540002)I2;
-137.99622710464703: (Z:0.10559718443268482,((((L:0.26397355888686364)I7#H2:0.2791629986612927::0.9256804610023861)I3#H1:1.1925278066072833::0.6929817528456303,(R:1.0099003166562683,(Q:7.5445125820360115,I3#H1:1.6344621188095179::0.30701824715436965)I0:2.6417116569427694)I6:1.9094283185923282)I4:1.8509251863766127,(C:1.3935289801894037,I7#H2:0.9649472589472883::0.0743195389976139)I1:0.7276212488784127)I5:5.96156458429206)I2;
-138.1398860574867: ((C:0.4323190417419794,((L:2.0702741808444456)I3#H1:1.2872313093076935::0.6727044446684626,(R:2.32155575723953,((I3#H1:0.028394105937924463::0.3272955553315374)I5#H2:1.0::0.5193504806210943,(Q:2.023564442016049,I5#H2:0.9716058940620755::0.48064951937890565)I7:0.13285758064798095)I1:0.9513237431076316)I6:2.1310842056702173)I4:0.9768092032542494)I0:4.7372444234700986,Z:0.8038049870907078)I2;
-138.2728435761994: (Z:3.176295759085944,(C:1.5993164796313235,((L:0.0905367009557203)I5#H1:1.568373015528885::0.539563986965956,((I5#H1:2.8315615413815336::0.460436013034044)I7#H2:0.11347547562523072::0.26771348353840363,(R:2.605582540467948,(Q:0.04800510929234614,I7#H2:9.581404177628217::0.7322865164615964)I3:1.0977834639267103)I2:0.9650731235208143)I0:1.9432268055732684)I8:0.7180467497952833)I1:4.583254221957576)I4;
-138.4080111034343: (Z:3.7089471444839477,(C:1.34807268746869,((L:0.35353114602337227)I5#H1:1.0::0.6261110021453188,((Q:1.441240126671415)I4#H2:1.0574321026118378::0.11197822915827702,(R:2.843636797818255,(I5#H1:0.8379507158815795::0.3738889978546812,I4#H2:0.5408820262039669::0.888021770841723)I6:0.9581488306648062)I7:0.386221363249327)I0:2.3481283306266896)I1:0.6949622127824635)I3:6.222698852432515)I2;
-138.46300556278626: (Z:0.8038049870907078,(C:0.4323190417419793,(((L:0.7418852308400992)I7#H2:1.3283889500043464::0.6044941920811533)I3#H1:2.4663348522266957::0.4689066717837308,(I7#H2:0.9433961653943547::0.3955058079188467,(R:2.385970782602708,(Q:1.937289551934732,I3#H1:0.8891621701672783::0.5310933282162692)I6:0.5898589514004645)I1:2.0574918528882704)I4:0.12872943123008412)I5:0.9020938247991828)I0:5.912791777107824)I2;
-138.65590639462712: (Z:0.49343112729561156,(C:2.87341287188513,((L:0.5865715677930488)I4#H1:1.1268870862859832::0.6769091979779178,(((I4#H1:1.1253570345366402::0.3230908020220822,Q:1.7221968942125203)I5:0.04258761686539314)I2#H2:0.3042532957864338::0.11582480805714279,(R:1.2496556070791427,I2#H2:3.217563053957028::0.8841751919428572)I6:1.4202846464902614)I3:0.9877783554607661)I9:0.965324914528463)I8:4.535492319552715)I1;
-139.0357467972697: (Z:0.10559718443268482,((((L:0.5431365575481564)I3#H2:0.7048053099125013::0.6929817528456303)I7#H1:0.487722496694782::0.9256804610023861,(R:1.0099003166562683,(I3#H2:1.6344621188095179::0.30701824715436965,Q:7.5445125820360115)I0:2.6417116569427694)I6:1.9094283185923282)I4:1.8509251863766127,(C:1.3935289801894037,I7#H1:0.9649472589472883::0.0743195389976139)I1:0.7276212488784127)I5:5.96156458429206)I2;
Running Time (min): 0.30996666666666667
===============================


Results after run #9
-137.081362334108: (Z:0.10559718443268482,(((L:0.19577368715401372)I3#H1:1.164165920934079::0.6267395641345683,(R:1.0099003166562683,(Q:7.5445125820360115,(I3#H1:0.06819987173284993::0.3732604358654317)I7#H2:1.9136251174708105::0.6860581152281533)I0:2.6542578078439543)I6:1.6774627690914186)I4:2.1745616613244514,(I7#H2:0.9649472589472883::0.31394188477184676,C:1.3935289801894037)I1:0.5093914725255486)I5:7.1366088461573804)I2;
-137.12880029970609: (Z:0.10559718443268482,((((L:0.26397355888686364)I7#H1:0.2791629986612927::0.8618145293717093,(Q:7.5445125820360115)I0#H2:1.6344621188095179::0.34323992215576016)I3:1.2775928515070867,(I0#H2:2.6417116569427694::0.6567600778442398,R:1.0099003166562683)I6:1.96812476633804)I4:1.866709775894248,(C:1.3935289801894037,I7#H1:0.9649472589472883::0.13818547062829067)I1:0.4923366170622394)I5:6.163945557757623)I2;
-137.42992272294717: ((C:1.2592194207750946,((L:1.3228806990279542)I3#H1:0.7681456711744528::0.6452392683285747,(R:2.1697505381321807,(Q:3.9407426052253456,I3#H1:0.1888304680170272::0.3547607316714253)I5:0.772709978007842)I7:2.3460080186694134)I0:0.9343418980537312)I2:7.642738296804462,Z:0.023097404554194033)I6;
-137.99622710464703: (Z:0.10559718443268482,((((L:0.26397355888686364)I7#H2:0.2791629986612927::0.9256804610023861)I3#H1:1.1925278066072833::0.6929817528456303,(R:1.0099003166562683,(Q:7.5445125820360115,I3#H1:1.6344621188095179::0.30701824715436965)I0:2.6417116569427694)I6:1.9094283185923282)I4:1.8509251863766127,(C:1.3935289801894037,I7#H2:0.9649472589472883::0.0743195389976139)I1:0.7276212488784127)I5:5.96156458429206)I2;
-138.1398860574867: ((C:0.4323190417419794,((L:2.0702741808444456)I3#H1:1.2872313093076935::0.6727044446684626,(R:2.32155575723953,((I3#H1:0.028394105937924463::0.3272955553315374)I5#H2:1.0::0.5193504806210943,(Q:2.023564442016049,I5#H2:0.9716058940620755::0.48064951937890565)I7:0.13285758064798095)I1:0.9513237431076316)I6:2.1310842056702173)I4:0.9768092032542494)I0:4.7372444234700986,Z:0.8038049870907078)I2;
-138.24439010247772: (Z:0.023097404554194033,(C:1.2592194207750946,((L:1.3228806990279542)I3#H1:1.010631091730911::0.5584135029396223,(R:2.1697505381321807,((Q:2.2807213253003766)I4#H2:1.660021279924969::0.5,(I3#H1:0.4753034420921369::0.44158649706037767,I4#H2:1.0::0.5)I0:0.28844454192856556)I5:0.5549170280002915)I7:2.637607016709019)I1:0.7625888413566635)I2:7.409876289593813)I6;
-138.2728435761994: (Z:3.176295759085944,(C:1.5993164796313235,((L:0.0905367009557203)I5#H1:1.568373015528885::0.539563986965956,((I5#H1:2.8315615413815336::0.460436013034044)I7#H2:0.11347547562523072::0.26771348353840363,(R:2.605582540467948,(Q:0.04800510929234614,I7#H2:9.581404177628217::0.7322865164615964)I3:1.0977834639267103)I2:0.9650731235208143)I0:1.9432268055732684)I8:0.7180467497952833)I1:4.583254221957576)I4;
-138.4080111034343: (Z:3.7089471444839477,(C:1.34807268746869,((L:0.35353114602337227)I5#H1:1.0::0.6261110021453188,((Q:1.441240126671415)I4#H2:1.0574321026118378::0.11197822915827702,(R:2.843636797818255,(I5#H1:0.8379507158815795::0.3738889978546812,I4#H2:0.5408820262039669::0.888021770841723)I6:0.9581488306648062)I7:0.386221363249327)I0:2.3481283306266896)I1:0.6949622127824635)I3:6.222698852432515)I2;
-138.46300556278626: (Z:0.8038049870907078,(C:0.4323190417419793,(((L:0.7418852308400992)I7#H2:1.3283889500043464::0.6044941920811533)I3#H1:2.4663348522266957::0.4689066717837308,(I7#H2:0.9433961653943547::0.3955058079188467,(R:2.385970782602708,(Q:1.937289551934732,I3#H1:0.8891621701672783::0.5310933282162692)I6:0.5898589514004645)I1:2.0574918528882704)I4:0.12872943123008412)I5:0.9020938247991828)I0:5.912791777107824)I2;
-138.65590639462712: (Z:0.49343112729561156,(C:2.87341287188513,((L:0.5865715677930488)I4#H1:1.1268870862859832::0.6769091979779178,(((I4#H1:1.1253570345366402::0.3230908020220822,Q:1.7221968942125203)I5:0.04258761686539314)I2#H2:0.3042532957864338::0.11582480805714279,(R:1.2496556070791427,I2#H2:3.217563053957028::0.8841751919428572)I6:1.4202846464902614)I3:0.9877783554607661)I9:0.965324914528463)I8:4.535492319552715)I1;
Running Time (min): 0.3802
===============================


Results after run #10
-137.081362334108: (Z:0.10559718443268482,(((L:0.19577368715401372)I3#H1:1.164165920934079::0.6267395641345683,(R:1.0099003166562683,(Q:7.5445125820360115,(I3#H1:0.06819987173284993::0.3732604358654317)I7#H2:1.9136251174708105::0.6860581152281533)I0:2.6542578078439543)I6:1.6774627690914186)I4:2.1745616613244514,(I7#H2:0.9649472589472883::0.31394188477184676,C:1.3935289801894037)I1:0.5093914725255486)I5:7.1366088461573804)I2;
-137.12880029970609: (Z:0.10559718443268482,((((L:0.26397355888686364)I7#H1:0.2791629986612927::0.8618145293717093,(Q:7.5445125820360115)I0#H2:1.6344621188095179::0.34323992215576016)I3:1.2775928515070867,(I0#H2:2.6417116569427694::0.6567600778442398,R:1.0099003166562683)I6:1.96812476633804)I4:1.866709775894248,(C:1.3935289801894037,I7#H1:0.9649472589472883::0.13818547062829067)I1:0.4923366170622394)I5:6.163945557757623)I2;
-137.42992272294717: ((C:1.2592194207750946,((L:1.3228806990279542)I3#H1:0.7681456711744528::0.6452392683285747,(R:2.1697505381321807,(Q:3.9407426052253456,I3#H1:0.1888304680170272::0.3547607316714253)I5:0.772709978007842)I7:2.3460080186694134)I0:0.9343418980537312)I2:7.642738296804462,Z:0.023097404554194033)I6;
